
Call:
lm(formula = ABSDA ~ RPA + LGTA + LEV + OCF + MTB + Year, data = data)

Residuals:
     Min       1Q   Median       3Q      Max 
-0.12849 -0.03701 -0.01558  0.02008  0.24278 

Coefficients:
              Estimate Std. Error t value Pr(>|t|)    
(Intercept) -3.1908923  0.6503367  -4.907 9.41e-07 ***
RPA1        -0.0063535  0.0038658  -1.644      0.1    
LGTA        -0.0056206  0.0003946 -14.244  < 2e-16 ***
LEV          0.0256119  0.0031927   8.022 1.15e-15 ***
OCF         -0.0816123  0.0056058 -14.558  < 2e-16 ***
MTB          0.0028360  0.0002690  10.545  < 2e-16 ***
Year         0.0016455  0.0003222   5.108 3.32e-07 ***
---
Signif. codes:  0 ‘***’ 0.001 ‘**’ 0.01 ‘*’ 0.05 ‘.’ 0.1 ‘ ’ 1

Residual standard error: 0.05475 on 10129 degrees of freedom
Multiple R-squared:  0.07261,	Adjusted R-squared:  0.07206 
F-statistic: 132.2 on 6 and 10129 DF,  p-value: < 2.2e-16


Call:
lmrob(formula = ABSDA ~ RPA + LGTA + LEV + OCF + MTB + Year, data = data)
 \--> method = "MM"
Residuals:
      Min        1Q    Median        3Q       Max 
-0.065728 -0.023055 -0.001988  0.033817  0.240596 

Coefficients:
              Estimate Std. Error t value Pr(>|t|)    
(Intercept) -2.5376083  0.4536413  -5.594 2.28e-08 ***
RPA1        -0.0056254  0.0025450  -2.210   0.0271 *  
LGTA        -0.0026973  0.0002713  -9.943  < 2e-16 ***
LEV          0.0194665  0.0024218   8.038 1.02e-15 ***
OCF          0.0012176  0.0078621   0.155   0.8769    
MTB          0.0013592  0.0002684   5.065 4.16e-07 ***
Year         0.0012925  0.0002247   5.752 9.07e-09 ***
---
Signif. codes:  0 ‘***’ 0.001 ‘**’ 0.01 ‘*’ 0.05 ‘.’ 0.1 ‘ ’ 1

Robust residual standard error: 0.03298 
Multiple R-squared:  0.02923,	Adjusted R-squared:  0.02866 
Convergence in 18 IRWLS iterations

Robustness weights: 
 412 observations c(84,246,253,260,309,428,435,448,499,508,522,524,590,597,615,666,672,673,677,781,798,858,859,888,890,960,1163,1164,1166,1207,1286,1287,1288,1445,1510,1569,1672,1684,1685,1740,1870,1902,1903,1904,1905,1959,1960,2037,2089,2093,2094,2189,2190,2226,2236,2281,2283,2303,2318,2319,2321,2322,2323,2324,2460,2519,2525,2527,2528,2565,2581,2640,2641,2643,2644,2646,2664,2671,2675,2683,2686,2721,2730,2732,2812,2841,2853,2923,2938,2942,2960,2963,2964,2966,3024,3292,3293,3306,3364,3421,3454,3471,3543,3613,3614,3616,3625,3631,3669,3677,3679,3680,3713,3715,3717,3729,3730,3731,3779,3887,3891,3892,3900,3902,3963,3990,3996,4021,4023,4045,4095,4103,4178,4192,4193,4204,4277,4283,4297,4298,4300,4309,4341,4378,4382,4410,4440,4544,4551,4574,4576,4579,4588,4613,4668,4700,4704,4717,4727,4750,4784,4802,4886,4887,4888,4891,4906,4907,4936,4937,4939,4958,5016,5096,5098,5099,5203,5240,5280,5281,5288,5303,5306,5392,5419,5420,5422,5448,5457,5460,5462,5469,5472,5485,5489,5583,5585,5587,5593,5707,5775,5782,5783,5802,5803,5804,5805,5812,5815,5828,5831,5856,5927,5958,5964,5966,5978,5992,5999,6002,6003,6004,6068,6070,6081,6107,6108,6116,6119,6122,6123,6124,6125,6161,6172,6173,6174,6197,6198,6214,6221,6244,6319,6323,6381,6383,6387,6388,6390,6433,6542,6543,6544,6596,6611,6654,6661,6662,6664,6665,6666,6712,6751,6752,6753,6754,6755,6756,6770,6777,6781,6784,6800,6819,6820,6821,6827,6853,6871,6882,6903,6921,6931,6934,6936,6939,6943,6944,6946,7002,7009,7011,7055,7148,7174,7176,7177,7198,7201,7202,7277,7369,7389,7399,7489,7501,7502,7503,7530,7532,7538,7539,7569,7572,7573,7636,7641,7668,7707,7709,7711,7713,7744,7749,7769,7789,7798,7801,7802,7871,7875,7885,7892,7943,7945,7946,7947,7954,7985,7989,7993,8076,8078,8079,8133,8135,8137,8155,8162,8164,8216,8242,8292,8304,8305,8308,8312,8403,8404,8405,8420,8519,8576,8588,8589,8591,8640,8642,8707,8719,8722,8723,8741,8748,8761,8762,8763,8793,8801,8882,8960,9040,9105,9108,9116,9150,9153,9173,9178,9192,9219,9240,9291,9311,9401,9524,9688,9705,9708,9737,9738,9823,9835,9866,9907,10001,10058,10063,10090,10092,10131,10132)
	 are outliers with |weight| = 0 ( < 9.9e-06); 
 669 weights are ~= 1. The remaining 9055 ones are summarized as
     Min.   1st Qu.    Median      Mean   3rd Qu.      Max. 
0.0000137 0.8736000 0.9423000 0.8686000 0.9811000 0.9990000 
Algorithmic parameters: 
       tuning.chi                bb        tuning.psi        refine.tol 
        1.548e+00         5.000e-01         4.685e+00         1.000e-07 
          rel.tol         scale.tol         solve.tol          zero.tol 
        1.000e-07         1.000e-10         1.000e-07         1.000e-10 
      eps.outlier             eps.x warn.limit.reject warn.limit.meanrw 
        9.866e-06         3.678e-09         5.000e-01         5.000e-01 
     nResample         max.it         groups        n.group       best.r.s 
           500             50              5            400              2 
      k.fast.s          k.max    maxit.scale      trace.lev            mts 
             1            200            200              0           1000 
    compute.rd fast.s.large.n 
             0           2000 
                  psi           subsampling                   cov 
           "bisquare"         "nonsingular"         ".vcov.avar1" 
compute.outlier.stats 
                 "SM" 
seed : int(0) 
